1,[5, 5, 4, 5, 5, 6, 4]
2,[6, 8, 6, 6, 5, 6]
3,[5, 5, 6, 4, 6, 5, 4]
4,[4, 6, 5, 5, 5, 6, 4]
5,[5, 6, 5, 7, 8, 7]
6,[7, 6, 6, 10, 6]
7,[4, 5, 5, 7, 5, 5, 4]
8,[9, 8, 7, 7, 7]
9,[5, 4, 4, 7, 4, 6, 7]
10,[10, 7, 5, 8, 4]
11,[8, 5, 7, 9, 8]
12,[4, 5, 4, 7, 7, 8]
13,[7, 5, 7, 6, 4, 7]
14,[6, 7, 6, 6, 5, 7]
15,[6, 8, 6, 7, 7]
16,[6, 7, 4, 5, 6, 7]
17,[8, 6, 8, 6, 5]
18,[6, 8, 8, 6, 7]
19,[4, 5, 6, 4, 4, 5, 5]
20,[5, 7, 8, 6, 8]
21,[5, 4, 4, 7, 8, 6]
22,[5, 4, 4, 4, 6, 5, 4]
23,[5, 10, 4, 4, 4, 6]
24,[4, 5, 4, 5, 6, 4, 4]
25,[4, 4, 4, 5, 4, 6, 6]
26,[6, 11, 6, 6, 6]
27,[8, 8, 6, 7, 5]
28,[5, 8, 5, 5, 4, 4, 4]
29,[8, 6, 5, 7, 7]
30,[6, 6, 5, 4, 6, 5]
