1,[(0, 1), (0, 3), (0, 2), (0, 4), (0, 6), (0, 17), (0, 11), (1, 5), (1, 6), (1, 13), (1, 7), (2, 7), (2, 8), (3, 12), (3, 4), (3, 5), (3, 16), (4, 9), (5, 10), (5, 9), (6, 13), (6, 11), (7, 10), (8, 15), (8, 10), (9, 14), (11, 14)]
2,[(0, 8), (0, 13), (0, 2), (0, 4), (0, 11), (0, 6), (1, 8), (1, 10), (1, 2), (1, 6), (1, 5), (2, 3), (2, 11), (2, 6), (2, 5), (3, 16), (3, 7), (3, 14), (3, 12), (3, 15), (4, 7), (4, 10), (4, 9), (4, 5), (6, 10), (9, 17), (9, 11), (12, 14)]
3,[(0, 7), (0, 4), (0, 8), (0, 10), (0, 11), (1, 10), (1, 8), (1, 2), (1, 4), (1, 7), (1, 12), (1, 5), (2, 9), (2, 3), (2, 7), (2, 4), (3, 10), (3, 4), (3, 6), (3, 14), (4, 9), (5, 16), (5, 6), (5, 13), (5, 9), (6, 13), (6, 15), (7, 8), (11, 17), (12, 14)]
4,[(0, 8), (0, 2), (0, 7), (0, 4), (0, 3), (0, 11), (1, 12), (1, 4), (1, 11), (1, 2), (1, 16), (2, 13), (2, 7), (2, 5), (3, 14), (3, 13), (4, 10), (4, 5), (4, 9), (5, 10), (5, 9), (6, 10), (6, 15), (7, 9), (7, 17), (8, 14)]
5,[(0, 3), (0, 13), (0, 1), (0, 2), (0, 6), (0, 8), (0, 10), (0, 14), (1, 16), (1, 13), (1, 4), (1, 5), (2, 11), (2, 3), (2, 14), (2, 10), (2, 8), (3, 6), (3, 15), (3, 4), (3, 7), (4, 9), (4, 5), (4, 11), (5, 6), (5, 10), (5, 12), (6, 11), (7, 8), (7, 9), (7, 12), (9, 17)]
6,[(0, 8), (0, 11), (0, 6), (0, 4), (0, 3), (0, 1), (1, 10), (1, 9), (1, 3), (1, 13), (1, 7), (1, 4), (2, 6), (2, 7), (2, 3), (3, 17), (3, 5), (4, 10), (4, 14), (4, 12), (5, 13), (5, 11), (5, 10), (5, 8), (6, 15), (6, 7), (7, 11), (8, 16), (9, 12), (9, 14)]
7,[(0, 5), (0, 8), (0, 2), (0, 4), (0, 3), (1, 7), (1, 14), (1, 8), (1, 10), (1, 3), (1, 4), (1, 6), (2, 10), (2, 3), (2, 6), (2, 11), (3, 14), (4, 5), (5, 6), (6, 11), (7, 13), (7, 17), (8, 11), (9, 12), (9, 10), (15, 16)]
8,[(0, 13), (0, 12), (0, 3), (0, 7), (0, 6), (0, 1), (0, 2), (0, 8), (1, 10), (1, 15), (1, 3), (1, 14), (1, 7), (1, 11), (2, 9), (2, 16), (2, 3), (2, 13), (2, 11), (3, 4), (3, 7), (4, 12), (4, 6), (4, 8), (5, 6), (6, 8), (7, 9), (9, 11), (10, 17), (10, 14)]
9,[(0, 4), (0, 12), (0, 1), (0, 3), (1, 10), (1, 11), (1, 4), (1, 3), (2, 4), (2, 13), (2, 5), (3, 4), (3, 10), (3, 16), (3, 14), (4, 7), (5, 6), (5, 7), (5, 9), (6, 7), (6, 12), (8, 9), (8, 11), (8, 15), (9, 13), (10, 11), (14, 17)]
10,[(0, 9), (0, 1), (0, 17), (0, 8), (0, 11), (0, 4), (0, 2), (1, 9), (1, 7), (1, 6), (1, 2), (1, 13), (2, 3), (2, 6), (2, 4), (2, 9), (3, 4), (3, 14), (3, 12), (4, 5), (4, 6), (5, 8), (5, 7), (5, 16), (5, 10), (6, 10), (7, 11), (7, 12), (8, 11), (10, 15), (13, 14)]
