1,[(4, 21), (6, 14), (7, 16), (10, 28), (12, 18)]
2,[(3, 28), (6, 32), (7, 14), (26, 29)]
3,[(0, 31), (5, 17), (9, 16), (10, 19), (21, 26), (24, 29)]
4,[(2, 8), (6, 11), (10, 15), (21, 32), (23, 31)]
5,[(1, 17), (9, 29)]
6,[(1, 20), (3, 26), (8, 19), (11, 28), (21, 23)]
7,[(0, 16), (3, 7), (6, 27), (17, 28), (19, 31), (22, 23)]
8,[(3, 22), (5, 26), (7, 18), (20, 32)]
9,[(0, 9), (1, 27), (4, 14), (5, 10), (7, 31), (22, 23)]
10,[(3, 10), (6, 32), (8, 17), (23, 28)]
11,[(3, 12), (30, 31)]
12,[(2, 15), (16, 27)]
13,[(1, 4), (8, 29), (10, 24), (14, 17)]
14,[(1, 22), (5, 28), (9, 30)]
15,[(5, 23), (12, 29)]
16,[(1, 26), (3, 19), (7, 14)]
17,[(0, 23), (5, 12), (10, 31), (16, 25)]
18,[(17, 21), (20, 26), (23, 25)]
19,[(6, 26)]
20,[(2, 18), (13, 19), (24, 25), (28, 30)]
21,[(1, 27), (5, 13)]
22,[(4, 14), (5, 17), (12, 21)]
23,[(0, 29), (17, 25), (20, 26)]
24,[(0, 27), (11, 26)]
25,[(9, 24), (15, 30)]
26,[(3, 26), (8, 28), (23, 30)]
27,[(8, 28), (12, 17), (16, 23)]
28,[(0, 30), (4, 7), (17, 19), (22, 26)]
29,[(6, 29), (10, 16), (15, 30)]
30,[(5, 26), (13, 24), (18, 22)]
